====================================================================================================
1.  the SU(2) x 3.SU(2) pencil at genus four:  is  a(C_n) = a(J1) + 3 a(E)  on every fibre?
    C_n = (Z/2)^2 cover of P^1 branched at {+-i, +-n, +-1/n, p},  p = n + i + e/n
====================================================================================================

  e = -1   (S = {i, n, -1/n})
        q  fibres  aC!=a1+3aE   a2!=aE  a3!=2aE  KR fail  distinct j(E)  a1=+-aE       m2        m4          m6
       13       8           0        0        0        0              2        8   4.0000     18.56        90.0
       17      12           0        0        0        0              3        8  12.5490    387.40     12983.6
       29      20           0        0        0        0              4       12   3.0897     42.98       798.0
       37      28           0        0        0        0              6       10  12.4479    260.55      7742.4
       41      36           0        0        0        0              7        8  10.4282    202.96      4830.3
       53      44           0        0        0        0              8       16   8.6587    147.77      3374.5
       61      56           0        0        0        0             10       18   8.7588    252.60      9768.1
       73      68           0        0        0        0             13       22   9.3666    142.64      2620.9
       89      84           0        0        0        0             15       34   9.0615    169.83      4193.1
       97      92           0        0        0        0             17       18   9.7248    195.22      4692.9
      101      96           0        0        0        0             16       26   7.5710    150.09      4774.2
      109     100           0        0        0        0             18       20  12.1659    297.59      8873.3
      113     104           0        0        0        0             19       18  10.6331    225.49      6138.0
      137     128           0        0        0        0             23       22   9.4471    197.40      5504.0
      149     140           0        0        0        0             24       30  10.3225    240.92      7784.6
      157     152           0        0        0        0             26       44   8.5699    175.37      4831.7
      173     168           0        0        0        0             28       36  10.7514    201.34      4509.4
      181     176           0        0        0        0             30       30  10.4189    254.53      8821.4
      193     184           0        0        0        0             33       28   8.7885    183.26      5239.0
      197     188           0        0        0        0             32       46  10.3864    253.58      8190.8
      229     224           0        0        0        0             38       28  10.1809    211.52      5639.3
      233     224           0        0        0        0             39       38  10.0166    221.03      6399.4
      241     236           0        0        0        0             41       34   9.2575    205.31      6213.4
      257     252           0        0        0        0             43       38   9.0302    188.01      5449.8
      269     264           0        0        0        0             44       28  10.0777    198.33      5218.7
      277     268           0        0        0        0             46       48  11.4045    281.04      8868.3
      281     272           0        0        0        0             47       40   9.2405    194.31      5442.6
      293     288           0        0        0        0             48       32   9.0429    204.67      6024.7
      401     392           0        0        0        0             67       64  10.9280    223.14      5600.7
     1009    1000           0        0        0        0            169       90  10.0206    219.66      6316.8
     4001    3992           0        0        0        0            667      182  10.0404    220.76      6501.5
    16001   15996           0        0        0        0           2667      362  10.0586    218.30      6298.9
  total: 25292 fibres, 0 mismatches of  a(C) = a(J1) + 3 a(E)
  target SU(2) x 3.SU(2):  m2 = 10, m4 = 218, m6 = 6350

  e = +1   (S = {i, n, 1/n})
        q  fibres  aC!=a1+3aE   a2!=aE  a3!=2aE  KR fail  distinct j(E)  a1=+-aE       m2        m4          m6
       13       6           0        0        0        0              2        6   4.9231     24.24       119.3
       17       8           0        0        0        0              3        4  17.4118    446.89     13146.3
       29      22           0        0        0        0              4       10   4.7649     60.41       985.3
       37      30           0        0        0        0              6        8   8.7351    142.16      2740.3
       41      32           0        0        0        0              7        8  10.7317    223.49      5629.8
       53      46           0        0        0        0              8       12   9.4372    155.81      3390.9
       61      54           0        0        0        0             10       20   8.3352    205.43      6750.3
       73      64           0        0        0        0             13       16   9.6370    166.60      3520.1
       89      80           0        0        0        0             15       34   9.6090    195.47      5642.4
       97      88           0        0        0        0             17       28   9.0834    178.99      4314.1
      101      94           0        0        0        0             16       20   8.2073    150.20      3974.1
      109     102           0        0        0        0             18       24  12.2151    289.57      8408.4
      113     104           0        0        0        0             19       34  11.5071    313.84     10649.9
      137     128           0        0        0        0             23       24   9.0584    192.84      5430.1
      149     142           0        0        0        0             24       42   9.9654    207.88      5711.3
      157     150           0        0        0        0             26       34   8.2847    159.28      3762.3
      173     166           0        0        0        0             28       44  10.3049    205.28      5209.9
      181     174           0        0        0        0             30       32  11.2702    261.06      7619.9
      193     184           0        0        0        0             33       52   9.2012    181.51      4696.4
      197     190           0        0        0        0             32       38  10.0377    220.07      6190.1
      229     222           0        0        0        0             38       24  10.7019    253.25      7918.0
      233     224           0        0        0        0             39       42  10.3716    246.75      7816.5
      241     232           0        0        0        0             41       60   9.8452    204.01      5930.5
      257     248           0        0        0        0             43       28  10.2653    227.85      6966.1
      269     262           0        0        0        0             44       56  10.2200    219.20      6332.4
      277     270           0        0        0        0             46       34  10.0013    190.61      4742.1
      281     272           0        0        0        0             47       42   9.7329    211.53      6211.2
      293     286           0        0        0        0             48       54   8.7410    179.18      4859.5
      401     392           0        0        0        0             67       40   9.8045    200.43      5294.1
     1009    1000           0        0        0        0            169       60   9.6676    207.50      5883.4
     4001    3992           0        0        0        0            667      204  10.3947    239.15      7317.3
    16001   15992           0        0        0        0           2667      416   9.9248    211.67      5995.9
  total: 25256 fibres, 0 mismatches of  a(C) = a(J1) + 3 a(E)
  target SU(2) x 3.SU(2):  m2 = 10, m4 = 218, m6 = 6350

====================================================================================================
2.  controls: the other five S3-branches, and the splittings with T != -S
    (a family in which J2 is the quadratic TWIST of E on half the fibres has
     alpha = alpha_1 + 3t on half and alpha_1 + t on the other half:  m2 = 6, not 10)
====================================================================================================
  splitting              branch      q  fibres   a2=aE  a2=-aE       m2        m4   reading
  S=(0, 2, 4) T=(1, 3, 5)      0   4001    3992    3992       0  10.3947    239.15   SU2 x 3.SU2
  S=(0, 2, 4) T=(1, 3, 5)      1   4001    3990    2006    1984   6.2392    130.09   half-twisted mixture
  S=(0, 2, 4) T=(1, 3, 5)      2   4001    3989    2029    1960   6.1624    116.27   half-twisted mixture
  S=(0, 2, 4) T=(1, 3, 5)      3   4001    3992    2030    1962   6.0782    116.62   half-twisted mixture
  S=(0, 2, 4) T=(1, 3, 5)      4   4001    3989    2029    1960   6.1624    116.27   half-twisted mixture
  S=(0, 2, 4) T=(1, 3, 5)      5   4001    3992    2030    1962   6.0782    116.62   half-twisted mixture
  S=(0, 2, 5) T=(1, 3, 4)      0   4001    3992    3992       0  10.0404    220.76   SU2 x 3.SU2
  S=(0, 2, 5) T=(1, 3, 4)      1   4001    3992    1992    2000   5.8349    107.13   half-twisted mixture
  S=(0, 2, 5) T=(1, 3, 4)      2   4001    3993    1993    2000   6.0649    116.13   half-twisted mixture
  S=(0, 2, 5) T=(1, 3, 4)      3   4001    3993    2015    1978   5.9492    112.94   half-twisted mixture
  S=(0, 2, 5) T=(1, 3, 4)      4   4001    3993    1993    2000   6.0649    116.13   half-twisted mixture
  S=(0, 2, 5) T=(1, 3, 4)      5   4001    3993    2015    1978   5.9492    112.94   half-twisted mixture
  S=(0, 1, 2) T=(3, 4, 5)      0   4001    3992    2043    1949   6.1028    119.24   half-twisted mixture
  S=(0, 1, 2) T=(3, 4, 5)      1   4001    3990    1990    2000   6.0299    117.20   half-twisted mixture
  S=(0, 1, 2) T=(3, 4, 5)      2   4001    3992    2043    1949   6.1028    119.24   half-twisted mixture
  S=(0, 1, 2) T=(3, 4, 5)      3   4001    3993    2014    1979   5.9528    113.58   half-twisted mixture
  S=(0, 1, 2) T=(3, 4, 5)      4   4001    3993    2014    1979   5.9528    113.58   half-twisted mixture
  S=(0, 1, 2) T=(3, 4, 5)      5   4001    3990    1990    2000   6.0299    117.20   half-twisted mixture
  S=(0, 2, 3) T=(1, 4, 5)      0   4001    3995    2016    1979   5.9121    111.91   half-twisted mixture
  S=(0, 2, 3) T=(1, 4, 5)      1   4001    3995    2016    1979   5.9121    111.91   half-twisted mixture
  S=(0, 2, 3) T=(1, 4, 5)      2   4001    3993    2044    1949   6.1994    120.52   half-twisted mixture
  S=(0, 2, 3) T=(1, 4, 5)      3   4001    3993    2044    1949   6.1994    120.52   half-twisted mixture
  S=(0, 2, 3) T=(1, 4, 5)      4   4001    3991    1991    2000   5.9685    114.42   half-twisted mixture
  S=(0, 2, 3) T=(1, 4, 5)      5   4001    3991    1991    2000   5.9685    114.42   half-twisted mixture

  all 60 splitting/branch pairs at q = 1009, classified:
    J2 = E on every fibre                4 of 60
    half-twisted mixture                56 of 60

====================================================================================================
3.  the 4.SU(2) locus:  for every splitting and every branch,
    #{n in F_q : j(J1) = j(E)}  --  a family would grow like q
====================================================================================================
   split branch      401     1009     4001    16001    40009
       0      0        6        6        6        8       10
       0      1        6        6        6        8       10
       0      2        6        6        6        8       10
       0      3        2        4        6        2        6
       0      4        2        4        6        2        6
       0      5        6        6        6        8       10
       1      0        6        6        6        8       10
       1      1        6        6        6        8       10
       1      2        6        6        6        8       10
       1      3        2        4        6        2        6
       1      4        2        4        6        2        6
       1      5        6        6        6        8       10
       2      0        6        6        6        8       10
       2      1        6        6        6        8       10
       2      2        6        6        6        8       10
       2      3        2        4        6        2        6
       2      4        2        4        6        2        6
       2      5        6        6        6        8       10
       3      0        6        6        6        8       10
       3      1        6        6        6        8       10
       3      2        6        6        6        8       10
       3      3        2        4        6        2        6
       3      4        2        4        6        2        6
       3      5        6        6        6        8       10
       4      0        4        4       18       10        4
       4      1        4        4       18       10        4
       4      2        4       13        9        9        5
       4      3        4       13        9        9        5
       4      4        4       13        9        9        5
       4      5        4       13        9        9        5
       5      0        4       10       10        2       10
       5      1        2        8        8        0        8
       5      2        2       12        4        5        8
       5      3        2       11        7        4        8
       5      4        2       12        4        5        8
       5      5        2       11        7        4        8
       6      0       10        8       14        4        4
       6      1       10        6       14        4        2
       6      2        8        8       11        6       10
       6      3        7        9       11        6        9
       6      4        8        8       11        6       10
       6      5        7        9       11        6        9
       7      0       10        8       14        4        4
       7      1       10        6       14        4        2
       7      2        8        8       11        6       10
       7      3        7        9       11        6        9
       7      4        8        8       11        6       10
       7      5        7        9       11        6        9
       8      0        4       10       10        2       10
       8      1        2        8        8        0        8
       8      2        2       12        4        5        8
       8      3        2       11        7        4        8
       8      4        2       12        4        5        8
       8      5        2       11        7        4        8
       9      0        4        4       18       10        4
       9      1        4        4       18       10        4
       9      2        4       13        9        9        5
       9      3        4       13        9        9        5
       9      4        4       13        9        9        5
       9      5        4       13        9        9        5

  largest count anywhere: 18, over a 100-fold range of q.
  The locus is ZERO-DIMENSIONAL in every branch: 4.SU(2) is not
  reachable by this construction.

====================================================================================================
4.  genus five, SU(2) x USp(4) x USp(4)  --  the third vertex of cycle 8
    (Z/2)^2 cover with |D1|=4, |D2|=|D3|=2: quotient genera (1,2,2)
====================================================================================================
        q  fibres    m2(C)     m4(C)      m6(C)   m2(E)   m4(E)  m2(J2)  m4(J2)  m2(J3)  m4(J3)  m2(J2+J3)
      401     392   3.0383    27.346      379.1   0.999   1.984   0.964   2.855   0.904   2.547      1.941
     1009    1002   3.0157    26.467      368.3   1.001   2.016   1.075   3.282   1.016   3.075      2.043
     4001    3992   3.0479    26.588      384.5   1.001   2.009   1.008   3.058   1.009   3.067      2.063
    16001   15992   2.9648    25.908      373.9   1.000   1.995   1.006   3.039   0.990   2.962      1.996
  targets:  C  3, 26, 363   E  1, 2   J2, J3  1, 3   J2+J3  2
  (SU2^2 x USp6, the other genus-five vertex, has m4 = 25 not 26;
   the three quotient genera 1,2,2 are forced by the branch data.)

written: genus4_witness.csv
